(5001,1.5857226E-5)
(5101,1.5857226E-5)
(5201,1.5857226E-5)
(5301,1.5857226E-5)
(5401,1.5857226E-5)
(5501,1.5857226E-5)
(5601,1.5857226E-5)
(5701,1.5857226E-5)
(5801,1.5857226E-5)
(5901,1.5857226E-5)
(6001,1.5857226E-5)
(6101,1.5857226E-5)
(6201,1.5857226E-5)
(6301,1.5857226E-5)
(6401,1.5857226E-5)
(6501,1.5857226E-5)
(6601,1.5857226E-5)
(6701,1.5857226E-5)
(6801,1.5857226E-5)
(6901,1.5857226E-5)
(7001,1.5857226E-5)
(7101,1.5857226E-5)
(7201,1.5857226E-5)
(7301,1.5857226E-5)
(7401,1.5857226E-5)
