(2501,1.5888125E-5)
(2601,1.5888125E-5)
(2701,1.5888125E-5)
(2801,1.5888125E-5)
(2901,1.5888125E-5)
(3001,1.5888125E-5)
(3101,1.5888125E-5)
(3201,1.5888125E-5)
(3301,1.5888125E-5)
(3401,1.5888125E-5)
(3501,1.5888125E-5)
(3601,1.5888125E-5)
(3701,1.5888125E-5)
(3801,1.5888125E-5)
(3901,1.5888125E-5)
(4001,1.5888125E-5)
(4101,1.5888125E-5)
(4201,1.5888125E-5)
(4301,1.5888125E-5)
(4401,1.5888125E-5)
(4501,1.5888125E-5)
(4601,1.5888125E-5)
(4701,1.5888125E-5)
(4801,1.5888125E-5)
(4901,1.5888125E-5)
