(7501,1.5849999E-5)
(7601,1.5849999E-5)
(7701,1.5849999E-5)
(7801,1.5849999E-5)
(7901,1.5849999E-5)
(8001,1.5849999E-5)
(8101,1.5849999E-5)
(8201,1.5849999E-5)
(8301,1.5849999E-5)
(8401,1.5849999E-5)
(8501,1.5849999E-5)
(8601,1.5849999E-5)
(8701,1.5849999E-5)
(8801,1.5849999E-5)
(8901,1.5849999E-5)
(9001,1.5849999E-5)
(9101,1.5849999E-5)
(9201,1.5849999E-5)
(9301,1.5849999E-5)
(9401,1.5849999E-5)
(9501,1.5849999E-5)
(9601,1.5849999E-5)
(9701,1.5849999E-5)
(9801,1.5849999E-5)
(9901,1.5849999E-5)
